20
0 708 751 474 424 716 430 586 705 739 408 585 486 781 723 634 477 788 484 461
708 0 496 639 450 644 795 750 793 775 588 516 451 740 650 602 435 531 613 423
751 496 0 603 561 441 790 509 663 570 670 472 427 761 631 785 593 456 499 436
474 639 603 0 771 681 737 459 693 699 707 718 604 694 615 747 638 557 433 721
424 450 561 771 0 760 452 482 768 578 530 648 653 460 678 449 543 667 418 787
716 644 441 681 760 0 658 671 457 601 720 493 741 685 514 776 488 643 539 687
430 795 790 737 452 658 0 607 700 527 406 403 453 717 576 505 471 656 455 735
586 750 509 459 482 671 607 0 647 633 448 769 763 504 407 792 468 521 583 538
705 793 663 693 768 457 700 647 0 764 501 689 800 554 439 495 591 791 535 641
739 775 570 699 578 601 527 633 764 0 411 415 405 534 758 724 454 510 710 636
408 588 670 707 530 720 406 448 501 411 0 796 609 661 425 777 798 546 690 445
585 516 472 718 648 493 403 769 689 415 796 0 736 464 458 442 481 568 799 618
486 451 427 604 653 741 453 763 800 405 609 736 0 560 664 422 502 746 711 536
781 740 761 694 460 685 717 504 554 534 661 464 560 0 702 753 552 569 619 674
723 650 631 615 678 514 576 407 439 758 425 458 664 702 0 666 498 432 559 475
634 602 785 747 449 776 505 792 495 724 777 442 422 753 666 0 614 612 733 628
477 435 593 638 543 488 471 468 591 454 798 481 502 552 498 614 0 487 743 428
788 531 456 557 667 643 656 521 791 510 546 568 746 569 432 612 487 0 779 508
484 613 499 433 418 539 455 583 535 710 690 799 711 619 559 733 743 779 0 610
461 423 436 721 787 687 735 538 641 636 445 618 536 674 475 628 428 508 610 0
