32
0 1736 1067 1725 1812 1285 1157 1404 1336 2036 1993 1060 1477 1119 1547 1530 1432 1655 1651 1545 1460 1926 1967 2027 1527 1087 1918 1684 1642 1692 1599 1871 
1736 0 1115 1633 1229 1624 1162 1451 1838 1376 1220 1730 1406 1402 1723 1407 1860 1618 1043 1426 1649 1150 2043 1981 1844 1420 1033 1934 1552 1094 1399 1627 
1067 1115 0 1542 1698 1253 1717 1290 1454 1135 1190 1782 1842 2040 1099 1509 1334 2038 1184 1687 1515 1831 2034 1943 1563 1529 1694 1595 1144 1742 1200 1129 
1725 1633 1542 0 1571 1108 1429 1181 1324 1521 2021 1745 1740 1902 1306 1620 1686 1772 1636 1666 1893 1987 1862 1504 1714 1889 1807 1691 1726 1371 1833 1525 
1812 1229 1698 1571 0 1470 1053 1436 1343 1954 1489 1433 1351 2006 1349 1226 1960 1985 1222 1257 1128 1112 1384 1316 1930 1507 1750 1523 1353 1036 1657 1393 
1285 1624 1253 1108 1470 0 1064 1617 1024 1130 1342 1795 1400 1947 1031 1490 1484 1875 1662 1294 1885 1082 2041 1207 1250 1398 1932 1481 1869 1556 1172 1946 
1157 1162 1717 1429 1053 1064 0 1137 1895 1188 1674 1928 1442 1916 1821 1950 1896 1804 1741 1317 1198 1744 1917 1837 1471 1771 1813 1136 1938 1237 1029 1664 
1404 1451 1290 1181 1436 1617 1137 0 1672 1452 1861 1231 1421 1539 1475 1381 1845 1815 1182 1884 1994 1252 1897 1194 1378 1643 1375 1512 1139 1075 1127 1027 
1336 1838 1454 1324 1343 1024 1895 1672 0 1819 1851 1158 1396 1265 1425 1982 1915 1189 1608 1211 1045 1233 1808 1331 2014 1255 1474 1536 1095 1307 1814 1131 
2036 1376 1135 1521 1954 1130 1188 1452 1819 0 1228 1191 1864 1169 1299 1792 1346 1518 1379 2018 1143 1430 1810 1731 1156 1055 1216 1270 1759 2024 1754 1585 
1993 1220 1190 2021 1489 1342 1674 1861 1851 1228 0 1719 1434 2039 1107 1953 1219 1984 1177 1034 1138 1586 1764 1327 2045 1047 1062 1685 1541 2010 1408 1656 
1060 1730 1782 1745 1433 1795 1928 1231 1158 1191 1719 0 1466 1345 1374 1201 1286 1688 1088 1246 2026 1348 1769 1287 1126 1646 1829 1502 1322 1753 1891 1622 
1477 1406 1842 1740 1351 1400 1442 1421 1396 1864 1434 1466 0 1365 1455 1311 1498 1733 1217 1581 1160 1604 1386 1830 1508 1713 1141 1450 1313 1705 1121 1076 
1119 1402 2040 1902 2006 1947 1916 1539 1265 1169 2039 1345 1365 0 1863 1749 1613 1615 1221 1628 1132 1118 1308 1899 1352 1680 1238 1180 1026 1776 1648 2044 
1547 1723 1099 1306 1349 1031 1821 1475 1425 1299 1107 1374 1455 1863 0 1364 1822 1949 1106 1683 1428 1354 1548 1784 1225 1559 1824 1992 1415 1392 1809 1213 
1530 1407 1509 1620 1226 1490 1950 1381 1982 1792 1953 1201 1311 1749 1364 0 1068 1048 1531 2046 1497 1592 2032 1264 1907 1882 1789 1983 1534 1083 1500 1042 
1432 1860 1334 1686 1960 1484 1896 1845 1915 1346 1219 1286 1498 1613 1822 1068 0 1550 1503 1614 2019 1923 1762 1105 1758 1913 1206 1936 1630 1032 1113 1269 
1655 1618 2038 1772 1985 1875 1804 1815 1189 1518 1984 1688 1733 1615 1949 1048 1550 0 1487 1300 1038 1854 1970 1765 1086 1123 1355 1230 1752 1159 1677 1927 
1651 1043 1184 1636 1222 1662 1741 1182 1608 1379 1177 1088 1217 1221 1106 1531 1503 1487 0 1239 1482 1641 1990 1977 1247 1258 1292 1492 1935 1511 1241 1073 
1545 1426 1687 1666 1257 1294 1317 1884 1211 2018 1034 1246 1581 1628 1683 2046 1614 1300 1239 0 1326 1261 1467 1367 1168 1369 1848 1319 1746 1304 1720 1209 
1460 1649 1515 1893 1128 1885 1198 1994 1045 1143 1138 2026 1160 1132 1428 1497 2019 1038 1482 1326 0 1562 1289 1090 1650 1151 1061 1449 1931 1894 1183 2029 
1926 1150 1831 1987 1112 1082 1744 1252 1233 1430 1586 1348 1604 1118 1354 1592 1923 1854 1641 1261 1562 0 1370 1870 1041 1305 1707 1122 1735 1757 1906 1234 
1967 2043 2034 1862 1384 2041 1917 1897 1808 1810 1764 1769 1386 1308 1548 2032 1762 1970 1990 1467 1289 1370 0 1972 1962 1077 1817 1116 2003 1410 1236 1865 
2027 1981 1943 1504 1316 1207 1837 1194 1331 1731 1327 1287 1830 1899 1784 1264 1105 1765 1977 1367 1090 1870 1972 0 1463 1659 1405 1695 1729 1520 1413 1578 
1527 1844 1563 1714 1930 1250 1471 1378 2014 1156 2045 1126 1508 1352 1225 1907 1758 1086 1247 1168 1650 1041 1962 1463 0 1414 1849 2013 1721 1874 1111 1903 
1087 1420 1529 1889 1507 1398 1771 1643 1255 1055 1047 1646 1713 1680 1559 1882 1913 1123 1258 1369 1151 1305 1077 1659 1414 0 1747 1653 1244 1510 1391 1557 
1918 1033 1694 1807 1750 1932 1813 1375 1474 1216 1062 1829 1141 1238 1824 1789 1206 1355 1292 1848 1061 1707 1817 1405 1849 1747 0 1997 1254 1335 1811 1775 
1684 1934 1595 1691 1523 1481 1136 1512 1536 1270 1685 1502 1450 1180 1992 1983 1936 1230 1492 1319 1449 1122 1116 1695 2013 1653 1997 0 1652 1109 1791 1676 
1642 1552 1144 1726 1353 1869 1938 1139 1095 1759 1541 1322 1313 1026 1415 1534 1630 1752 1935 1746 1931 1735 2003 1729 1721 1244 1254 1652 0 1832 1486 1722 
1692 1094 1742 1371 1036 1556 1237 1075 1307 2024 2010 1753 1705 1776 1392 1083 1032 1159 1511 1304 1894 1757 1410 1520 1874 1510 1335 1109 1832 0 1293 1263 
1599 1399 1200 1833 1657 1172 1029 1127 1814 1754 1408 1891 1121 1648 1809 1500 1113 1677 1241 1720 1183 1906 1236 1413 1111 1391 1811 1791 1486 1293 0 2023 
1871 1627 1129 1525 1393 1946 1664 1027 1131 1585 1656 1622 1076 2044 1213 1042 1269 1927 1073 1209 2029 1234 1865 1578 1903 1557 1775 1676 1722 1263 2023 0 
