25
0 6935 4478 3048 1583 4794 3938 3343 2474 7242 4597 6090 5590 2641 2924 9548 6281 4406 2318 3202 9898 8695 5813 9082 5758
6935 0 3643 4157 6018 3573 9223 8628 5231 2219 9882 2419 10875 7926 8209 4525 2408 2687 7603 8487 4875 3672 2860 4059 11043
4478 3643 0 1700 3561 1502 6766 6171 2774 3950 7425 2798 8418 5469 5752 6256 2989 1114 5146 6030 6606 5403 2521 5790 8586
3048 4157 1700 0 2131 2016 5336 4741 1344 4464 5995 3312 6988 4039 4322 6770 3503 1628 3716 4600 7120 5917 3035 6304 7156
1583 6018 3561 2131 0 3877 3871 3276 1557 6325 4530 5173 5523 2574 2857 8631 5364 3489 2251 3135 8981 7778 4896 8165 5691
4794 3573 1502 2016 3877 0 7082 6487 3090 3880 7741 2728 8734 5785 6068 6186 2919 1044 5462 6346 6536 5333 2451 5720 8902
3938 9223 6766 5336 3871 7082 0 927 4762 9530 1053 8378 2046 1941 2508 11836 8569 6694 3524 2358 12186 10983 8101 11370 2214
3343 8628 6171 4741 3276 6487 927 0 4167 8935 1586 7783 2579 1346 1913 11241 7974 6099 2929 1763 11591 10388 7506 10775 2747
2474 5231 2774 1344 1557 3090 4762 4167 0 5538 5421 4386 6414 3465 3748 7844 4577 2702 3142 4026 8194 6991 4109 7378 6582
7242 2219 3950 4464 6325 3880 9530 8935 5538 0 10189 2726 11182 8233 8516 2960 2715 2994 7910 8794 3310 2107 3167 2494 11350
4597 9882 7425 5995 4530 7741 1053 1586 5421 10189 0 9037 1117 2600 3167 12495 9228 7353 4183 3017 12845 11642 8760 12029 1285
6090 2419 2798 3312 5173 2728 8378 7783 4386 2726 9037 0 10030 7081 7364 5032 1765 1842 6758 7642 5382 4179 2015 4566 10198
5590 10875 8418 6988 5523 8734 2046 2579 6414 11182 1117 10030 0 3593 4160 13488 10221 8346 5176 4010 13838 12635 9753 13022 1204
2641 7926 5469 4039 2574 5785 1941 1346 3465 8233 2600 7081 3593 0 1211 10539 7272 5397 2227 1205 10889 9686 6804 10073 3761
2924 8209 5752 4322 2857 6068 2508 1913 3748 8516 3167 7364 4160 1211 0 10822 7555 5680 2510 1772 11172 9969 7087 10356 4328
9548 4525 6256 6770 8631 6186 11836 11241 7844 2960 12495 5032 13488 10539 10822 0 5021 5300 10216 11100 1112 2503 5473 2198 13656
6281 2408 2989 3503 5364 2919 8569 7974 4577 2715 9228 1765 10221 7272 7555 5021 0 2033 6949 7833 5371 4168 2206 4555 10389
4406 2687 1114 1628 3489 1044 6694 6099 2702 2994 7353 1842 8346 5397 5680 5300 2033 0 5074 5958 5650 4447 1565 4834 8514
2318 7603 5146 3716 2251 5462 3524 2929 3142 7910 4183 6758 5176 2227 2510 10216 6949 5074 0 2788 10566 9363 6481 9750 5344
3202 8487 6030 4600 3135 6346 2358 1763 4026 8794 3017 7642 4010 1205 1772 11100 7833 5958 2788 0 11450 10247 7365 10634 4178
9898 4875 6606 7120 8981 6536 12186 11591 8194 3310 12845 5382 13838 10889 11172 1112 5371 5650 10566 11450 0 2853 5823 2548 14006
8695 3672 5403 5917 7778 5333 10983 10388 6991 2107 11642 4179 12635 9686 9969 2503 4168 4447 9363 10247 2853 0 4620 2037 12803
5813 2860 2521 3035 4896 2451 8101 7506 4109 3167 8760 2015 9753 6804 7087 5473 2206 1565 6481 7365 5823 4620 0 5007 9921
9082 4059 5790 6304 8165 5720 11370 10775 7378 2494 12029 4566 13022 10073 10356 2198 4555 4834 9750 10634 2548 2037 5007 0 13190
5758 11043 8586 7156 5691 8902 2214 2747 6582 11350 1285 10198 1204 3761 4328 13656 10389 8514 5344 4178 14006 12803 9921 13190 0
